[90.0 10.0 0]
[49.0 10.0 1]
[134.8 10.0 2]
[312.0 10.0 1]
[54.0 10.0 2]
[134.8 10.0 0]
[90.0 10.9 0]
[134.8 10.0 0]
[79.2 10.9 2]
[79.2 10.9 2]
[79.2 10.9 2]
[79.2 10.9 2]
[79.2 10.9 2]
[79.2 10.9 2]
[79.2 10.9 2]
[79.2 10.9 1]
[79.2 10.9 2]
[79.2 10.9 2]
[79.2 10.9 2]
[79.2 10.9 2]
[79.2 10.9 1]
[79.2 10.9 2]
[79.2 10.9 1]
[79.2 10.9 1]
[79.2 10.9 1]
[110.9 12.0 3]
[79.2 10.9 2]
[64.8 10.0 0]
[72.0 10.9 0]
[134.8 10.0 0]
[81.0 10.9 0]
[134.8 10.0 0]
[72.0 10.9 0]
[79.2 10.9 2]
[134.8 7.2 4]
[72.0 10.9 0]
[97.9 12.0 3]
[72.0 12.0 3]
[126.7 10.0 0]
[72.0 12.0 3]
[110.9 12.0 3]
[118.3 6.6 4]
[90.0 10.0 2]
[118.3 10.0 5]
[118.3 12.0 3]
[54.0 10.0 0]
[134.8 10.8 4]
[72.0 10.9 6]
[79.2 10.9 2]
[79.2 10.9 2]
[90.0 10.9 0]
[315.0 10.0 2]
[134.8 9.0 7]
[93.6 10.0 0]
[90.0 10.9 0]
[54.0 10.0 0]
[72.0 10.9 0]
[126.7 10.0 2]
[72.0 11.0 2]
[89.3 10.9 0]
[134.8 10.0 0]
[110.9 12.0 3]
[79.2 10.9 2]
[79.2 10.9 2]
[79.2 10.9 2]
[54.0 10.0 0]
[133.8 10.0 2]
[72.0 10.0 0]
[134.8 10.0 1]
[126.7 6.6 4]
[134.8 12.0 3]
[72.0 12.0 3]
[134.8 10.9 0]
[99.8 9.0 8]
[126.7 10.0 0]
[54.0 10.0 2]
[72.0 10.0 0]
[134.8 10.0 0]
[126.7 10.0 0]
[95.9 10.0 0]
[134.8 10.9 1]
[134.8 10.0 0]
[90.0 10.9 0]
[89.3 10.9 0]
[78.0 10.9 0]
[133.8 10.0 0]
[72.0 10.9 0]
[107.2 12.0 3]
[134.8 10.0 2]
[133.8 10.0 0]
[134.8 10.9 0]
[133.8 10.0 0]
[49.0 12.0 1]
[134.8 10.0 0]
[116.8 10.0 0]
[134.8 9.0 7]
[80.5 10.9 0]
[118.3 10.0 0]
[163.1 9.0 7]
[88.3 12.0 3]
[126.7 10.0 0]
[134.8 10.0 0]
[134.8 10.0 0]
[81.0 10.9 0]
[70.1 12.0 9]
[72.0 10.9 0]
[110.9 12.0 3]
[312.0 10.0 2]
[103.5 10.0 0]
[110.2 10.9 0]
[72.0 10.9 0]
[120.6 10.0 0]
[72.0 10.0 0]
[72.0 10.9 0]
[125.8 10.9 6]
[72.0 10.0 10]
[54.0 10.0 0]
[79.2 10.9 2]
[79.2 10.9 2]
[79.2 10.9 2]
[110.2 9.0 11]
[54.0 10.0 10]
[134.8 10.0 0]
[64.8 10.9 0]
[134.8 10.0 0]
[134.8 10.0 0]
[79.2 10.9 2]
[79.2 10.9 2]
[79.2 10.9 2]
[79.2 10.9 2]
[79.2 10.9 2]
[79.2 10.9 2]
[134.8 10.0 0]
[72.0 10.9 0]
[80.9 10.9 2]
[79.2 10.9 1]
[79.2 10.9 1]
[79.2 10.9 2]
[134.8 10.0 0]
[72.0 10.0 0]
[72.0 11.0 2]
[134.8 10.0 0]
[72.0 12.0 3]
[49.0 10.0 2]
[72.0 12.0 3]
[134.8 10.0 0]
[133.8 10.0 0]
[72.0 10.9 1]
[134.8 10.0 2]
[134.8 10.0 1]
[126.7 10.0 0]
[134.8 10.0 0]
[150.1 10.0 2]
[134.8 10.9 0]
[133.8 10.0 0]
[90.0 10.9 0]
[54.0 10.9 0]
[79.2 10.9 1]
[79.2 10.9 2]
[42.1 10.0 0]
[89.3 10.9 0]
[134.8 10.0 10]
[134.8 10.9 6]
[54.0 10.0 0]
[106.3 10.0 0]
[134.8 10.0 2]
[90.0 10.9 0]
[54.0 10.0 0]
[72.0 10.0 0]
[134.8 10.0 0]
[91.8 10.0 0]
[134.8 10.0 0]
[134.8 10.0 0]
[89.3 10.9 0]
[64.6 10.0 2]
[134.8 10.9 2]
[54.0 10.0 0]
[49.0 10.0 1]
[90.0 10.0 0]
[79.2 10.9 1]
[72.0 10.0 0]
[79.9 10.9 0]
[126.7 12.0 3]
[81.0 10.9 0]
[72.0 12.0 3]
[126.7 12.0 9]
[134.8 10.0 0]
[134.8 10.0 0]
[126.7 12.0 3]
[72.0 10.9 1]
[72.0 12.0 3]
[90.0 12.0 3]
[134.8 10.0 0]
[72.0 12.0 3]
[110.9 12.0 3]
[72.0 10.0 0]
[133.8 10.0 0]
[89.0 10.9 0]
[110.2 10.0 0]
[79.2 10.9 1]
[72.0 12.0 3]
[72.0 12.0 3]
[110.9 12.0 12]
[134.8 10.9 0]
[110.9 12.0 3]
[134.8 10.9 0]
[79.2 10.9 2]
[37.6 10.0 1]
[72.0 10.9 0]
[134.8 10.9 0]
[134.8 10.0 0]
[134.8 10.0 0]
[110.9 12.0 3]
[134.8 10.9 0]
[134.8 10.0 10]
[72.0 10.0 0]
[90.0 10.9 0]
[134.8 10.0 2]
[134.8 10.0 10]
[49.0 10.0 2]
[91.8 10.9 0]
[79.2 10.9 1]
[134.8 10.0 0]
[335.7 10.0 0]
[134.8 10.0 0]
[134.8 10.0 2]
[134.8 10.0 0]
[134.8 10.0 0]
[133.8 10.0 1]
[54.0 10.0 0]
[79.2 10.9 2]
[134.8 10.0 0]
[54.0 10.0 2]
[90.0 10.9 0]
[90.0 10.9 0]
[106.3 10.0 2]
[89.3 10.9 0]
[89.3 10.9 0]
[134.8 10.0 2]
[315.1 10.0 0]
[126.7 12.0 3]
[64.6 10.0 2]
[134.8 10.0 0]
[134.8 10.0 0]
[93.4 10.9 2]
[72.0 9.5 7]
[89.3 10.9 0]
[72.0 10.0 0]
[113.4 10.9 0]
[126.7 10.0 0]
[134.8 10.0 0]
[126.7 10.0 0]
[56.4 10.9 2]
[72.0 10.9 1]
[126.7 10.9 0]
[134.8 10.0 10]
[81.0 10.9 0]
[79.2 10.9 2]
[79.2 10.9 2]
[133.8 10.0 0]
[134.8 10.0 0]
[110.9 12.0 3]
[134.8 10.0 0]
[104.4 10.9 0]
[82.0 10.9 0]
[81.0 10.9 1]
[85.1 10.9 0]
[90.0 10.9 0]
[110.2 10.9 6]
[90.0 10.9 0]
[49.0 10.0 2]
[134.8 10.0 10]
[70.0 10.0 0]
[49.0 10.0 2]
[49.0 10.0 2]
[72.0 10.9 0]
[54.0 10.0 10]
[72.0 12.0 3]
[134.8 10.9 0]
[79.2 10.9 2]
[79.2 10.9 2]
[72.0 10.0 0]
[312.0 10.0 2]
[64.5 10.0 1]
[79.2 10.9 0]
[134.8 10.0 0]
[54.0 10.0 0]
[90.0 10.9 13]
[110.9 12.0 3]
[72.0 12.0 3]
[317.0 10.0 0]
[126.7 10.0 10]
[118.3 12.0 3]
[134.8 10.0 0]
[90.0 10.9 0]
[126.7 12.0 3]
[134.8 10.0 0]
[126.7 10.0 0]
[81.0 10.9 1]
[72.0 10.9 0]
[134.8 10.0 0]
[118.3 10.0 0]
[89.3 10.9 0]
[126.7 10.0 0]
[81.0 10.9 0]
[134.8 10.0 2]
[72.0 10.9 2]
[133.8 10.0 0]
[72.0 10.9 2]
[110.9 12.0 9]
[85.1 10.9 0]
[90.0 10.0 2]
[71.4 12.0 9]
[99.1 10.0 13]
[81.0 10.9 0]
[126.7 10.0 10]
[72.0 10.0 0]
[134.8 10.0 0]
[72.0 10.9 0]
[123.5 10.9 0]
[134.8 10.0 0]
[72.0 10.9 0]
[110.2 10.0 0]
[81.0 10.9 0]
[72.0 10.9 0]
[134.8 10.0 0]
[79.2 10.0 0]
[134.8 10.0 0]
[134.8 10.9 6]
[79.2 10.9 2]
[79.2 10.9 1]
[133.8 10.0 0]
[341.7 10.0 0]
[45.0 10.0 1]
[134.8 10.0 13]
[134.8 10.9 0]
[126.7 10.0 0]
[91.8 10.0 1]
[126.7 10.9 0]
[126.7 10.0 10]
[74.4 10.9 0]
[90.0 10.9 0]
[126.7 10.0 0]
[90.0 10.0 0]
[126.7 10.0 0]
[118.3 10.0 12]
[110.9 12.0 3]
[134.8 10.0 0]
[134.8 10.0 0]
[134.8 10.0 0]
[79.2 10.9 0]
[72.0 10.0 0]
[72.0 10.9 1]
[81.0 10.9 0]
[72.0 10.9 0]
[72.0 12.0 3]
[72.0 10.9 0]
[134.8 10.0 0]
[90.0 10.0 1]
[134.8 10.0 0]
[56.7 10.0 0]
[79.2 10.9 2]
[134.8 10.0 0]
[134.8 10.0 0]
[72.0 10.9 0]
[72.0 12.0 3]
[134.8 10.0 0]
[49.0 10.0 2]
[134.8 10.0 0]
[134.8 10.0 0]
[90.0 10.9 0]
[90.0 10.9 0]
[134.8 10.0 0]
[49.0 10.0 2]
[120.6 10.9 0]
[72.0 10.9 0]
[89.3 10.9 0]
[134.8 10.0 0]
[72.0 10.0 13]
[90.0 10.9 0]
[84.0 10.0 1]
[90.0 10.9 0]
[134.8 10.0 2]
[107.8 10.0 0]
[56.6 10.0 0]
[126.7 10.0 0]
[49.0 10.0 2]
[110.9 12.0 3]
[72.0 10.9 0]
[89.3 10.9 6]
[134.8 10.9 6]
[134.8 10.0 10]
[118.3 10.9 13]
[133.8 10.0 0]
[90.0 10.9 0]
[90.0 10.9 0]
[49.0 10.0 2]
[90.7 10.0 13]
[90.7 10.0 13]
[134.8 10.0 10]
[107.7 10.0 13]
[134.8 10.0 0]
[90.0 10.9 0]
[90.0 10.0 0]
[110.9 12.0 9]
[79.2 10.9 2]
[126.7 12.0 3]
[79.2 10.9 2]
[79.2 10.9 1]
[79.2 10.9 1]
[79.2 10.9 1]
[79.2 10.9 1]
[79.2 10.9 1]
[79.2 10.9 2]
[79.2 10.9 1]
[79.2 10.9 1]
[79.2 10.9 1]
[79.2 10.9 1]
[79.2 10.9 2]
[79.2 10.9 1]
[79.2 10.9 1]
[79.2 10.9 1]
[79.2 10.9 1]
[79.2 10.9 1]
[118.3 10.0 2]
[126.7 10.9 13]
[72.0 10.0 0]
[89.3 10.9 0]
[87.8 10.9 0]
[72.0 10.9 0]
[134.8 10.9 0]
[89.3 10.9 0]
[72.0 10.9 0]
[111.6 10.0 0]
[134.8 10.0 0]
[90.0 10.9 0]
[317.0 10.0 0]
[134.8 10.0 0]
[90.0 10.9 0]
[133.8 10.0 0]
[79.2 10.9 1]
[79.2 10.9 1]
[90.0 10.9 0]
[134.8 10.0 0]
[126.7 10.9 12]
[133.8 10.0 0]
[90.0 10.0 0]
[72.0 10.0 0]
[126.7 10.0 0]
[81.0 10.9 0]
[49.0 10.0 1]
[126.7 10.0 10]
[89.0 10.9 6]
[72.0 12.0 3]
[126.7 10.0 10]
[134.8 10.0 10]
[72.0 12.0 3]
[134.8 10.0 0]
[79.2 10.9 1]
[72.0 10.9 0]
[90.0 10.9 13]
[126.7 10.0 10]
[57.6 10.9 2]
[134.8 10.0 10]
[110.9 11.1 14]
[134.8 10.0 0]
[72.0 10.9 0]
[70.9 10.9 0]
[133.8 10.0 0]
[134.8 10.0 0]
[118.3 10.0 0]
[72.0 10.9 0]
[72.0 10.9 0]
[110.9 12.0 3]
[134.8 10.0 10]
[90.0 10.9 6]
[72.0 10.9 0]
[108.0 10.0 2]
[126.7 10.0 0]
[79.2 10.9 1]
[134.8 10.0 10]
[64.5 10.0 0]
[54.0 10.0 0]
[134.8 10.0 0]
[134.8 10.0 0]
[79.2 10.9 2]
[89.3 10.9 0]
[126.7 10.0 0]
[126.7 10.0 0]
[126.7 10.0 0]
[134.8 10.0 0]
[134.8 10.0 0]
[72.0 10.0 0]
[79.2 10.9 2]
[50.4 10.0 0]
[72.0 10.9 0]
[129.6 10.0 0]
[126.7 12.0 3]
[86.4 12.0 3]
[133.8 10.0 0]
[90.7 10.0 13]
[64.6 10.0 0]
[107.7 10.0 13]
[118.3 10.0 0]
[81.8 10.0 2]
[107.2 12.0 9]
[134.8 10.0 0]
[134.8 10.0 0]
[106.6 10.0 2]
[72.0 10.9 0]
[124.8 10.0 0]
[134.8 10.0 0]
[72.0 10.0 0]
[63.2 12.0 3]
[72.0 10.9 0]
[72.0 10.9 0]
[134.8 10.0 0]
[72.0 10.9 0]
[72.0 10.9 0]
[125.8 10.9 6]
[134.8 10.0 0]
[133.8 10.0 0]
[134.8 10.0 0]
[72.0 10.0 0]
[91.3 10.0 13]
[126.7 10.0 0]
[126.7 12.0 3]
[72.0 12.0 2]
[134.8 10.0 0]
[72.0 10.9 0]
[54.0 10.0 0]
[126.7 10.0 0]
[134.8 10.0 0]
[133.8 10.0 0]
[54.0 10.0 2]
[72.0 12.0 3]
[134.8 10.0 1]
[134.8 10.0 0]
[64.5 9.0 7]
[134.8 10.0 0]
[72.0 12.0 3]
[126.7 12.0 3]
[90.0 10.9 0]
[79.2 10.9 1]
[79.2 10.9 2]
[134.8 10.0 0]
[134.8 10.0 0]
[90.0 10.9 0]
[64.5 10.0 0]
[72.0 10.0 0]
[72.0 10.0 0]
[92.0 12.0 3]
[126.7 10.0 0]
[86.4 12.0 3]
[134.8 10.0 0]
[81.8 10.0 0]
[134.8 10.0 0]
[134.8 10.0 0]
[126.7 12.0 3]
[75.6 10.9 0]
[110.9 12.0 3]
[72.0 10.9 0]
[72.0 12.0 3]
[79.2 10.9 1]
[79.2 10.9 1]
[79.2 10.9 2]
[79.2 10.9 1]
[134.8 10.0 0]
[126.7 10.9 0]
[90.0 10.0 10]
[134.8 10.0 0]
[134.8 10.0 0]
[79.2 10.9 2]
[79.2 10.9 2]
[134.8 10.0 2]
[72.0 12.0 3]
[72.0 10.9 0]
[134.8 10.9 0]
[79.2 10.9 1]
[72.0 10.9 0]
[64.6 10.0 0]
[54.0 10.0 0]
[72.0 10.9 0]
[95.9 10.0 0]
[110.2 10.0 0]
[110.9 12.0 3]
[72.0 12.0 3]
[42.8 10.0 0]
[126.7 10.0 0]
[86.4 10.9 0]
[134.8 10.0 0]
[72.0 10.9 0]
[72.0 10.9 0]
[72.0 10.0 10]
[134.8 10.0 1]
[134.8 10.0 0]
[312.0 10.0 1]
[118.3 10.9 0]
[134.8 10.0 0]
[126.7 10.0 0]
[78.0 10.9 0]
[134.8 10.9 0]
[317.0 10.0 0]
[126.7 10.0 0]
[134.8 10.0 0]
[64.6 10.0 2]
[90.7 10.0 13]
[126.7 10.9 0]
[126.7 10.9 0]
[118.3 10.0 0]
[72.0 12.0 3]
[64.6 10.0 15]
[79.2 10.9 2]
[49.0 10.0 1]
[99.6 10.0 0]
[72.0 10.0 5]
[134.8 10.0 10]
[40.6 10.0 2]
[312.0 10.0 1]
[89.3 10.9 0]
[134.8 10.0 0]
[90.0 10.9 0]
[71.4 10.0 1]
[72.0 10.9 2]
[134.8 10.0 0]
[134.8 10.0 0]
[72.0 12.0 3]
[134.8 10.0 0]
[134.8 10.0 2]
[134.8 10.0 0]
[134.8 10.0 0]
[134.8 10.0 0]
[72.0 10.9 0]
[134.8 10.0 0]
[134.8 10.0 2]
[126.7 12.0 3]
[319.4 10.0 2]
[59.5 10.0 0]
[72.0 10.0 0]
[54.0 10.0 0]
[64.6 10.0 0]
[90.0 10.9 0]
[134.8 10.9 0]
[134.8 10.0 0]
[134.8 10.0 0]
[72.0 12.0 3]
[54.0 10.0 1]
[110.9 12.0 3]
[126.7 10.0 0]
[134.8 10.0 2]
[134.8 10.0 0]
[126.7 10.0 0]
[72.0 12.0 3]
[134.8 10.0 0]
[134.8 10.0 10]
[79.2 10.9 1]
[134.8 10.0 0]
[134.8 10.0 0]
[88.9 10.9 0]
[45.8 10.0 11]
[79.2 10.9 1]
[64.6 10.0 0]
[64.6 10.0 0]
[134.8 10.0 0]
[134.8 10.0 2]
[72.0 9.5 7]
[134.8 10.0 0]
[134.8 10.0 0]
[134.8 10.0 0]
[134.8 10.0 0]
[72.0 10.9 0]
[72.0 9.0 7]
[123.8 9.5 7]
[134.8 10.0 0]
[134.8 10.0 1]
[134.8 10.0 0]
[134.8 10.0 0]
[134.8 10.0 0]
[317.0 10.0 0]
[89.3 10.9 13]
[79.2 10.9 1]
[79.2 10.9 1]
[79.2 10.9 1]
[108.8 10.0 0]
[72.0 10.9 0]
[134.8 10.0 0]
[134.8 10.0 0]
[126.7 10.0 0]
[134.8 10.0 0]
[134.8 10.0 0]
[49.0 10.0 2]
[134.8 10.0 0]
[49.0 10.0 1]
[134.8 10.0 2]
[90.0 10.9 0]
[134.8 10.0 0]
[49.0 10.0 2]
[74.4 12.0 3]
[79.2 10.9 2]
[72.0 12.0 3]
[133.8 10.0 0]
[108.0 12.0 3]
[79.2 10.9 2]
[111.6 10.0 0]
[90.0 10.9 0]
[72.0 12.0 3]
[134.8 10.0 1]
[134.8 10.0 13]
[90.7 10.0 13]
[134.8 10.0 0]
[94.7 10.0 1]
[133.8 10.0 0]
[61.6 10.0 0]
[134.8 10.0 1]
[49.0 10.0 1]
[110.9 12.0 3]
[133.8 10.0 0]
[134.8 10.0 0]
[134.8 10.0 0]
[133.8 10.0 10]
[89.3 10.9 0]
[126.7 10.0 0]
[134.8 10.0 0]
[106.3 10.0 2]
[49.0 10.0 1]
[54.0 10.0 1]
[118.3 10.0 0]
[90.7 10.0 13]
[134.8 10.0 0]
[79.2 10.9 1]
[72.0 10.0 2]
[126.7 10.0 0]
[134.8 10.0 0]
[52.1 10.0 0]
[110.9 12.0 3]
[133.8 10.0 0]
[89.3 10.9 0]
[126.7 10.0 0]
[81.0 10.9 0]
[72.0 10.9 0]
[72.0 10.9 0]
[134.8 10.0 1]
[81.0 10.9 0]
[72.0 10.9 0]
[89.3 10.9 0]
[134.8 10.0 1]
[134.8 10.0 0]
[134.8 10.0 0]
[72.0 10.9 0]
[134.8 10.0 0]
[90.0 10.9 0]
[134.8 10.0 0]
[134.8 10.0 10]
[99.2 10.0 2]
[126.7 10.0 0]
[72.0 10.9 0]
[133.8 10.0 0]
[126.7 10.0 0]
[72.0 11.0 1]
[85.1 10.0 0]
[49.0 10.0 2]
[72.0 10.9 0]
[134.8 10.0 0]
[49.0 10.0 1]
[134.8 10.0 1]
[82.8 10.0 0]
[72.0 10.9 0]
[72.0 9.5 7]
[90.0 10.9 0]
[72.0 10.9 5]
[134.8 10.0 0]
[90.7 10.0 13]
[133.8 10.0 0]
[72.0 12.0 3]
[89.3 10.9 0]
[85.1 10.0 0]
[317.0 10.0 0]
[134.8 10.0 0]
[72.0 10.0 0]
[72.0 10.0 0]
[90.0 10.9 0]
[107.2 12.0 12]
[72.0 11.0 1]
[90.0 10.0 0]
[133.8 10.0 0]
[126.7 10.0 0]
[134.8 10.0 0]
[126.7 10.0 0]
[317.0 10.0 0]
[99.2 10.0 0]
[312.0 10.0 1]
[126.7 10.0 0]
[312.0 10.0 1]
[134.8 10.0 0]
[124.8 10.0 0]
[40.6 10.0 2]
[110.9 12.0 3]
[49.0 10.0 1]
[72.0 12.0 3]
[118.8 10.9 0]
[124.8 9.3 16]
[134.8 10.0 0]
[317.0 10.0 1]
[72.0 10.0 0]
[134.8 10.0 2]
[134.8 10.0 0]
[98.3 10.9 0]
[126.7 10.0 0]
[134.8 10.0 2]
[54.0 10.0 0]
[72.0 10.0 0]
[134.8 10.0 0]
[74.4 12.0 3]
[116.1 10.0 13]
[126.7 10.0 0]
[126.7 10.0 0]
[89.3 10.9 0]
[134.8 10.0 0]
[49.0 10.0 2]
[134.8 10.0 0]
[72.0 10.9 6]
[73.4 9.5 1]
[134.8 10.0 0]
[134.8 10.0 2]
[91.8 10.9 0]
[72.0 10.0 0]
[90.0 10.0 0]
[134.8 10.0 0]
[90.7 10.0 13]
[74.4 10.9 0]
[110.9 12.0 9]
[49.0 11.0 1]
[90.0 10.0 17]
[79.2 10.9 1]
[72.0 10.9 0]
[134.8 10.0 0]
[134.8 10.0 0]
[72.0 10.9 0]
[72.0 11.0 1]
[134.8 10.0 0]
[312.0 10.0 2]
[134.8 10.0 0]
[72.0 10.9 0]
[79.2 10.0 0]
[72.0 12.0 3]
[49.0 10.0 2]
[126.7 10.0 0]
[72.0 10.0 0]
[72.0 10.9 0]
[126.7 10.0 13]
[86.4 10.9 0]
[134.8 10.0 10]
[89.9 10.0 10]
[134.8 10.0 0]
[54.0 10.0 0]
[85.1 10.9 13]
[134.8 10.0 0]
[134.8 10.0 0]
[72.0 10.9 1]
[118.3 10.9 12]
[85.1 10.9 0]
[72.0 10.0 0]
[134.8 10.0 0]
[134.8 10.0 0]
[134.8 10.0 0]
[72.0 10.9 5]
[134.8 10.0 0]
[49.0 10.0 1]
[134.8 10.0 10]
[72.0 10.0 0]
[134.8 10.0 0]
[54.0 10.0 0]
[72.0 10.0 0]
[81.0 10.9 0]
[134.8 10.0 0]
[72.0 12.0 3]
[93.6 10.9 0]
[85.0 12.0 3]
[72.0 10.9 0]
[110.9 12.0 3]
[134.8 10.0 0]
[72.0 10.9 0]
[134.8 10.0 10]
[99.2 10.0 10]
[64.5 12.0 12]
[306.6 10.0 0]
[90.0 12.0 3]
[90.7 10.0 13]
[133.8 10.0 0]
[99.1 10.0 13]
[134.8 10.0 0]
[126.7 10.9 0]
[126.7 10.0 13]
[126.7 10.9 0]
[134.8 10.0 0]
[82.8 10.0 1]
[79.2 10.9 0]
[133.8 10.0 0]
[72.0 10.9 0]
[111.7 10.0 0]
[134.8 10.0 0]
[133.8 10.0 0]
[72.0 10.0 0]
[133.8 10.0 0]
[312.0 10.0 2]
[126.7 10.0 0]
[110.9 12.0 3]
[118.3 10.0 2]
[134.8 10.0 0]
[86.4 12.0 3]
[76.9 10.9 6]
[81.0 10.9 0]
[90.7 10.0 13]
[79.2 10.9 2]
[90.7 10.0 13]
[107.7 10.0 13]
[134.8 10.0 0]
[72.0 10.9 0]
[64.5 10.0 1]
[126.7 10.0 0]
[72.0 10.9 0]
[126.7 10.0 0]
[54.0 10.0 0]
[107.7 10.0 13]
[126.7 10.0 0]
[110.9 12.0 3]
[81.0 10.9 0]
[70.0 10.9 0]
[73.4 9.0 7]
[90.7 10.0 13]
[72.0 12.0 2]
[72.0 10.0 0]
[317.0 10.0 0]
[64.6 10.0 0]
[89.3 10.9 13]
[72.0 12.0 3]
[317.0 10.0 10]
[72.0 10.9 0]
[89.3 10.9 13]
[133.8 10.0 10]
[134.8 10.0 0]
[72.0 10.9 0]
[72.0 10.9 0]
[72.0 10.9 0]
[133.8 10.0 0]
[125.8 10.9 0]
[124.8 10.0 0]
[96.4 10.9 6]
[89.3 10.9 13]
[90.7 10.0 13]
[126.7 10.0 0]
[72.0 12.0 3]
[317.0 10.0 1]
[134.8 10.0 0]
[312.0 10.0 1]
[54.0 10.0 0]
[126.7 10.0 0]
[90.7 10.0 13]
[90.7 10.0 13]
[126.7 10.0 0]
[85.1 10.0 0]
[54.0 10.0 0]
[134.8 10.0 10]
[72.0 12.0 3]
[90.7 10.0 13]
[134.8 10.0 0]
[107.7 10.0 13]
[133.8 10.0 18]
[54.0 10.0 1]
[110.9 12.0 3]
[303.6 10.0 1]
[72.0 10.9 0]
[72.0 10.9 0]
[133.8 10.0 10]
[126.7 10.9 0]
[126.7 10.0 0]
[72.0 12.0 3]
[72.0 10.9 0]
[134.8 10.0 13]
[45.8 10.0 11]
[81.0 10.9 0]
[72.0 10.9 0]
[81.0 10.9 0]
[134.8 10.0 0]
[134.8 10.9 0]
[337.0 10.0 1]
[134.8 10.0 0]
[134.8 10.0 0]
[81.0 10.9 0]
[74.4 10.0 0]
[72.0 12.0 3]
[90.7 10.0 13]
[64.6 10.0 2]
[36.0 10.0 12]
[134.8 10.0 0]
[107.7 10.0 13]
[134.8 10.0 0]
[134.8 10.0 1]
[126.7 10.9 0]
[72.0 12.0 3]
[107.7 10.0 13]
[133.8 10.0 0]
[134.8 10.0 10]
[90.7 10.0 13]
[79.2 10.9 1]
[133.8 10.0 10]
[90.7 10.0 13]
[79.2 10.9 2]
[89.3 10.0 0]
[134.8 10.0 0]
[327.0 10.0 0]
[72.0 10.9 0]
[72.0 12.0 3]
[72.0 12.0 3]
[64.6 10.0 0]
[72.0 12.0 2]
[82.8 10.9 0]
[125.8 10.9 0]
[126.0 10.0 0]
[134.8 10.0 0]
[110.2 10.9 0]
[93.6 10.9 0]
[126.7 10.0 13]
[64.1 10.9 0]
[102.9 12.0 3]
[126.7 10.0 0]
[54.0 10.0 0]
[72.0 10.9 0]
[134.8 10.0 13]
[111.6 10.0 0]
[134.8 10.0 2]
[89.3 10.9 0]
[107.7 10.0 13]
[89.3 10.9 13]
[100.6 10.0 0]
[89.3 10.9 13]
[134.8 10.0 0]
[54.0 10.0 0]
[117.8 10.9 0]
[109.7 10.0 0]
[134.8 10.0 1]
[133.8 10.0 0]
[134.8 10.0 0]
[133.8 10.0 0]
[126.7 10.9 0]
[134.8 10.0 0]
[90.7 10.0 13]
[134.8 10.0 0]
[56.6 10.0 10]
[126.7 10.0 0]
[312.0 10.0 1]
[90.7 10.0 13]
[72.0 10.9 0]
[317.0 10.0 10]
[90.7 10.0 13]
[74.4 10.0 13]
[86.4 10.0 0]
[89.3 10.9 13]
[79.2 10.9 2]
[79.2 10.9 2]
[312.0 10.0 1]
[64.6 10.0 10]
[126.7 10.0 0]
[134.8 10.9 2]
[72.0 12.0 3]
[134.8 10.0 0]
[110.9 12.0 9]
[317.0 10.0 1]
[111.7 10.0 10]
[126.7 10.0 0]
[64.6 10.0 0]
[72.0 10.9 0]
[72.0 12.0 3]
[72.0 12.0 3]
[99.1 10.0 13]
[54.0 10.0 1]
[72.0 12.0 3]
[134.8 10.0 0]
[317.0 10.0 0]
[108.0 10.0 2]
[126.7 10.0 0]
[72.0 10.9 0]
[86.4 12.0 3]
[72.0 10.9 0]
[54.0 10.0 13]
[134.8 10.0 0]
[134.8 10.0 0]
[107.7 10.0 13]
[110.9 12.0 3]
[72.0 10.0 0]
[129.6 10.0 0]
[45.8 10.0 11]
[104.9 10.0 10]
[126.7 10.0 0]
[90.7 10.0 13]
[133.8 10.0 1]
[64.6 10.0 0]
[312.0 10.0 1]
[126.7 10.0 0]
[111.6 10.0 0]
[126.7 10.0 0]
[317.0 10.0 0]
[317.0 10.0 0]
[108.0 10.0 10]
[72.0 12.0 3]
[72.0 10.9 0]
[134.8 10.0 0]
[134.8 10.0 0]
[126.7 10.0 0]
[110.2 10.9 0]
[134.8 10.0 0]
[72.0 10.9 0]
[118.3 10.0 0]
[85.1 10.0 10]
[45.8 10.0 11]
[89.3 10.9 13]
[72.0 10.9 1]
[134.8 10.0 2]
[48.0 9.5 12]
[126.7 10.0 0]
[54.0 10.0 0]
[72.0 10.9 0]
[70.9 10.9 0]
[134.8 10.0 0]
[72.0 10.9 13]
[133.8 10.0 10]
[134.8 10.0 0]
[72.0 10.9 1]
[85.1 10.0 10]
[72.0 10.0 12]
[317.0 10.0 2]
[133.8 10.0 0]
[54.0 10.0 0]
[98.3 10.9 0]
[134.8 10.0 0]
[134.8 10.0 1]
[134.8 10.0 1]
[79.2 10.9 1]
[133.8 10.0 2]
[90.7 10.0 13]
[134.8 10.0 0]
[133.8 10.0 0]
[134.8 10.0 0]
[72.0 12.0 3]
[123.8 10.0 0]
[49.0 10.0 2]
[118.3 10.0 13]
[72.0 10.9 12]
[107.7 10.0 13]
[48.0 9.5 5]
[134.8 10.0 0]
[89.3 10.9 0]
[90.0 10.0 0]
[133.8 10.0 1]
[134.8 10.0 0]
[306.6 10.9 5]
[134.8 10.0 0]
[49.0 10.0 1]
[73.4 10.0 0]
[126.7 10.0 17]
[79.2 10.9 1]
[49.0 10.0 2]
[80.6 10.0 11]
[72.0 12.0 3]
[133.8 10.0 10]
[72.0 10.9 0]
[72.0 10.9 0]
[56.7 10.9 0]
[54.0 10.0 0]
[90.7 10.0 13]
[72.0 10.9 0]
[125.8 10.9 0]
[110.9 12.0 9]
[54.0 10.0 0]
[88.9 10.9 0]
[88.9 10.9 0]
[42.5 10.0 13]
[99.1 10.0 13]
[72.0 10.9 1]
[79.2 10.9 1]
[72.0 12.0 3]
[134.8 10.0 0]
[54.0 10.0 0]
[72.0 12.0 3]
[37.6 10.9 12]
[118.3 10.9 0]
[81.0 10.9 15]
[126.7 10.0 0]
[134.8 10.0 0]
[126.7 10.0 0]
[70.9 9.0 8]
[134.8 10.0 0]
[72.0 10.0 1]
[54.0 10.0 1]
[88.9 10.9 0]
[126.7 10.0 0]
[75.6 12.0 3]
[72.0 12.0 3]
[72.0 10.9 0]
[118.3 10.0 0]
[72.0 12.0 3]
[134.8 10.0 10]
[72.0 10.9 0]
[72.0 10.9 0]
[107.7 10.0 13]
[85.1 10.0 10]
[79.2 10.9 1]
[134.8 10.0 13]
[72.0 10.9 11]
[90.7 10.0 13]
[126.7 10.0 0]
[49.0 12.0 1]
[90.7 10.0 13]
[118.3 10.0 10]
[89.3 10.9 0]
[72.0 10.9 11]
[134.8 10.0 0]
[134.8 10.0 0]
[99.2 10.0 10]
[72.0 12.0 3]
[89.3 10.0 10]
[134.8 10.0 0]
[133.8 10.0 10]
[134.8 10.0 0]
[134.8 10.0 0]
[125.8 10.9 6]
[42.1 10.0 10]
[71.7 10.9 0]
[118.3 10.0 0]
[111.7 10.0 10]
[72.0 10.9 0]
[103.2 10.0 0]
[111.7 10.0 0]
[89.3 10.9 13]
[111.7 10.0 0]
[111.7 10.0 0]
[90.7 10.0 13]
[76.5 10.0 0]
[134.8 10.0 0]
[34.0 10.0 0]
[54.0 10.0 12]
[74.4 10.0 13]
[54.0 10.0 0]
[118.3 10.0 10]
[90.7 10.0 13]
[90.7 10.0 13]
[74.4 12.0 19]
[72.0 10.0 0]
[72.0 12.0 3]
[72.0 10.9 0]
[134.8 10.0 0]
[87.0 12.0 3]
[54.0 10.0 13]
[54.0 10.0 13]
[72.0 12.0 3]
[93.6 10.9 0]
[72.0 10.9 6]
[133.8 10.0 0]
[90.7 10.0 13]
[72.0 10.9 0]
[315.1 10.0 10]
[126.7 10.0 0]
[134.8 10.0 0]
[64.6 10.0 0]
[72.0 10.9 0]
[88.9 10.9 0]
[134.8 10.0 0]
[126.7 12.0 3]
[134.8 10.0 0]
[134.8 10.0 0]
[72.0 10.0 0]
[306.6 10.0 1]
[79.2 10.9 1]
[72.0 10.0 0]
[134.8 10.0 0]
[99.1 10.0 13]
[118.3 12.0 9]
[134.8 10.0 0]
[72.0 10.0 1]
[85.0 10.9 11]
[118.3 10.0 0]
[317.0 10.0 1]
[134.8 10.0 0]
[74.4 10.9 0]
[72.0 10.0 0]
[72.0 10.0 0]
[126.7 10.0 0]
[72.0 12.0 12]
[64.5 12.0 3]
[72.0 10.9 0]
[72.0 12.0 3]
[90.7 10.0 13]
[126.7 10.9 0]
[126.7 10.0 0]
[63.1 10.0 0]
[102.0 10.9 0]
[54.0 10.0 0]
[72.0 10.0 20]
[72.0 10.9 0]
[72.0 10.9 0]
[90.7 10.0 13]
[64.6 10.0 0]
[72.0 10.0 0]
[72.0 10.9 0]
[125.8 10.9 0]
[134.8 10.0 0]
[90.7 10.0 13]
[89.3 10.0 20]
[72.0 12.0 3]
[126.7 10.0 10]
[81.0 10.9 0]
[72.0 10.0 10]
[90.7 10.0 13]
[72.0 10.0 0]
[54.0 10.0 0]
[134.8 10.0 0]
[90.7 10.0 13]
[111.7 10.0 0]
[90.7 10.0 13]
[90.7 10.0 13]
[72.0 10.9 0]
[72.0 12.0 3]
[49.0 10.0 1]
[90.7 10.0 13]
[72.0 10.9 0]
[124.8 10.0 0]
[72.0 12.0 3]
[86.4 10.9 1]
[312.0 10.0 1]
[126.7 10.0 10]
[49.0 10.0 1]
[72.0 10.9 1]
[90.7 10.0 13]
[72.0 12.0 3]
[81.0 10.9 0]
[126.7 10.0 0]
[72.0 10.0 10]
[98.3 10.9 0]
[54.0 10.0 0]
[89.3 10.9 13]
[72.0 10.0 0]
[72.0 10.9 0]
[107.7 10.0 13]
[110.9 12.0 3]
[134.8 10.0 0]
[134.8 10.0 0]
[134.8 10.0 10]
[134.8 10.0 10]
[107.7 10.0 13]
[134.8 10.0 0]
[134.8 10.0 0]
[54.0 10.0 0]
[126.7 10.9 0]
[89.3 10.9 0]
[72.0 10.9 0]
[134.8 10.0 0]
[72.0 10.9 0]
[90.7 10.0 13]
[134.8 10.0 1]
[78.0 12.0 3]
[126.7 10.9 0]
[72.0 10.0 0]
[72.0 12.0 3]
[134.8 10.0 0]
[89.9 10.9 0]
[90.7 10.0 13]
[72.0 10.9 0]
[54.0 10.0 0]
[312.0 10.0 1]
[134.8 10.0 0]
[90.7 10.0 13]
[85.1 10.9 11]
[90.7 10.0 13]
[90.7 10.0 13]
[134.8 10.0 0]
[72.0 12.0 3]
[107.7 10.0 13]
[54.0 9.0 11]
[133.8 10.0 0]
[134.8 10.0 0]
[45.8 10.0 11]
[90.7 10.0 13]
[134.8 10.0 0]
[90.7 10.0 13]
[88.9 10.9 0]
[88.9 10.9 0]
[134.8 10.0 0]
[64.6 12.0 3]
[90.7 10.0 13]
[134.8 10.0 0]
[124.8 10.0 0]
[107.7 10.0 13]
[72.0 10.0 0]
[99.1 10.0 13]
[98.3 10.0 0]
[317.0 10.0 0]
[56.6 10.9 6]
[124.7 10.0 0]
[54.0 10.0 21]
[72.0 10.9 0]
[90.7 10.0 13]
[54.0 10.0 0]
[126.7 10.0 10]
[106.4 10.0 0]
[90.7 10.0 13]
[133.8 10.0 0]
[54.0 10.0 0]
[134.8 10.0 0]
[126.7 10.0 0]
[90.7 10.0 13]
[72.0 10.9 6]
[72.0 10.9 13]
[72.0 10.0 0]
[37.6 10.0 1]
[134.8 10.0 0]
[90.7 10.0 13]
[134.8 10.0 0]
[42.1 10.0 0]
[72.0 10.9 0]
[107.7 10.0 13]
[70.9 10.9 0]
[107.7 10.0 13]
[126.7 10.0 0]
[312.0 10.0 1]
[54.0 10.0 0]
[64.5 10.0 0]
[79.2 10.9 1]
[54.0 10.0 1]
[124.8 10.0 10]
[133.8 10.0 0]
[134.8 10.0 0]
[79.2 10.9 0]
[126.7 10.0 0]
[72.0 10.0 0]
[99.1 10.0 13]
[134.8 10.0 10]
[90.0 10.0 0]
[72.0 12.0 3]
[133.8 10.0 0]
[72.0 10.0 1]
[91.2 10.0 1]
[90.7 10.0 13]
[79.2 10.9 1]
[54.0 10.0 0]
[49.0 10.0 1]
[72.0 9.5 1]
[90.7 10.0 13]
[134.8 10.0 0]
[134.8 10.0 0]
[72.0 10.9 0]
[52.1 10.0 0]
[53.8 9.0 11]
[80.5 10.0 10]
[111.7 10.0 0]
[49.0 10.0 1]
[134.8 10.0 0]
[40.6 10.0 1]
[89.3 10.9 0]
[72.0 10.0 0]
[107.7 10.0 13]
[89.0 10.0 0]
[68.6 10.0 15]
[126.7 10.0 0]
[134.8 10.0 10]
[72.0 12.0 12]
[126.7 10.0 0]
[134.8 10.0 0]
[70.9 10.9 1]
[49.0 10.0 1]
[99.3 10.0 0]
[72.0 10.9 0]
[134.8 10.0 0]
[134.8 10.0 0]
[82.8 10.0 0]
[72.0 10.9 0]
[134.8 10.0 1]
[72.0 10.9 0]
[48.0 9.0 12]
[69.1 10.0 0]
[134.8 10.0 0]
[134.8 10.0 0]
[322.1 9.0 1]
[72.0 10.9 0]
[90.7 10.0 13]
[72.0 10.0 1]
[110.2 10.0 0]
[134.8 10.0 0]
[74.4 12.0 19]
[90.7 10.0 13]
[72.0 12.0 3]
[90.7 10.0 13]
[89.3 10.0 10]
[72.0 10.0 10]
[133.8 10.0 10]
[133.8 10.0 0]
[126.7 10.0 0]
[126.7 10.9 6]
[126.7 10.0 10]
[317.0 10.0 0]
[111.7 10.0 0]
[134.8 10.0 10]
[90.7 10.0 13]
[90.7 10.0 13]
[107.8 10.0 13]
[69.1 10.0 0]
[99.2 12.0 3]
[54.0 10.0 0]
[318.0 9.0 11]
[118.3 10.0 13]
[107.7 10.0 13]
[90.7 10.0 13]
[126.7 10.0 10]
[90.7 10.0 13]
[54.0 10.0 0]
[133.8 10.0 0]
[90.7 10.0 13]
[134.8 10.0 13]
[134.8 10.0 10]
[134.8 10.0 0]
[90.7 10.0 13]
[134.8 10.0 10]
[90.7 10.0 13]
[53.8 9.0 11]
[90.0 10.9 0]
[118.3 10.0 0]
[90.7 10.0 13]
[107.7 10.0 13]
[317.0 10.0 0]
[90.7 10.0 13]
[107.7 10.0 13]
[90.7 10.0 13]
[72.0 12.0 3]
[134.8 10.0 0]
[126.7 10.9 12]
[54.0 10.0 1]
[134.8 10.0 1]
[134.8 10.0 0]
[134.8 10.0 0]
[126.7 10.0 0]
[78.0 12.0 3]
[72.0 10.0 0]
[134.8 10.0 0]
[118.3 10.9 13]
[107.7 10.0 13]
[54.0 10.0 0]
[72.0 10.9 0]
[134.8 10.0 0]
[72.0 12.0 9]
[134.8 10.0 0]
[62.0 10.0 10]
[54.0 10.0 0]
[90.7 10.0 13]
[126.7 10.0 0]
[90.7 10.0 13]
[90.7 10.0 13]
[64.5 12.0 3]
[42.1 10.0 0]
[49.0 10.0 1]
[90.7 10.0 13]
[72.0 10.9 13]
[90.7 10.0 13]
[90.7 10.0 13]
[90.7 10.0 13]
[90.7 10.0 13]
[90.7 10.0 13]
[133.8 10.0 0]
[72.0 12.0 3]
[134.8 10.0 0]
[49.0 10.0 1]
[134.8 10.0 0]
[72.0 10.9 0]
[126.7 10.0 0]
[107.7 10.0 13]
[89.3 10.0 10]
[54.0 10.0 0]
[90.7 10.0 13]
[90.7 10.0 13]
[45.8 10.0 11]
[134.8 10.0 0]
[134.8 10.0 0]
[134.8 10.0 0]
[54.0 10.0 0]
[72.0 10.9 6]
[90.7 10.0 13]
[134.8 10.0 0]
[107.2 10.9 13]
[72.0 12.0 1]
[90.7 10.0 13]
[317.0 10.0 0]
[108.0 12.0 3]
[90.7 10.0 13]
[90.7 10.0 13]
[72.0 10.9 11]
[118.3 10.9 0]
[124.8 10.0 10]
[54.0 10.0 12]
[134.8 10.0 0]
[90.7 10.0 13]
[99.3 10.0 0]
[49.0 10.0 1]
[72.0 10.0 0]
[65.2 10.0 10]
[85.1 12.0 9]
[89.3 10.9 0]
[134.8 10.0 0]
[53.8 9.0 11]
[54.0 10.0 0]
[90.7 10.0 13]
[90.7 10.0 13]
[134.8 10.0 0]
[90.7 10.0 13]
[107.7 10.0 13]
[134.8 10.0 0]
[72.0 10.9 0]
[72.0 10.9 1]
[90.7 10.0 13]
[74.2 10.0 0]
[90.7 10.0 13]
[79.2 10.9 1]
[90.7 10.0 13]
[93.6 10.0 0]
[134.8 10.0 0]
[134.8 10.0 0]
[73.4 9.0 11]
[111.7 10.0 10]
[134.8 10.0 0]
[90.7 10.0 13]
[91.8 10.0 13]
[79.2 10.9 1]
[79.2 10.9 1]
[134.8 10.0 22]
[90.7 10.0 13]
[90.7 10.0 13]
[53.8 9.0 11]
[134.8 10.0 0]
[72.0 10.9 0]
[72.0 10.0 0]
[72.0 10.9 6]
[318.0 9.0 11]
[54.0 10.0 11]
[54.0 10.0 11]
[72.0 10.9 0]
[72.0 10.9 0]
[79.2 10.9 13]
[72.0 10.9 12]
[107.7 10.0 13]
[126.7 10.0 0]
[79.2 10.9 1]
[70.9 10.0 13]
[49.0 10.0 1]
[72.0 10.9 0]
[42.1 10.0 0]
[312.0 10.0 1]
[90.7 10.0 13]
[126.7 10.0 0]
[107.7 10.0 13]
[90.7 10.0 13]
[90.7 10.0 13]
[312.0 10.0 1]
[312.0 10.0 1]
[90.7 10.0 13]
[72.0 12.0 9]
[90.7 10.0 13]
[49.0 10.0 1]
[134.8 10.0 0]
[90.7 10.0 13]
[134.8 10.0 0]
[90.7 10.0 13]
[72.0 10.9 0]
[54.0 0.0 23]
[90.7 10.0 13]
[54.0 10.9 6]
[134.8 10.9 0]
[90.7 10.0 13]
[126.7 10.0 0]
[110.9 12.0 3]
[53.8 9.0 11]
[72.0 10.9 12]
[86.4 10.0 0]
[72.0 12.0 3]
[89.3 10.9 0]
[90.7 10.0 13]
[134.8 10.0 0]
[82.3 12.0 3]
[134.8 10.0 0]
[90.7 10.0 13]
[72.0 10.9 6]
[54.0 10.0 0]
[72.0 12.0 1]
[134.8 10.0 13]
[45.8 10.0 11]
[72.0 10.9 0]
[72.0 10.9 0]
[90.0 10.0 0]
[134.8 10.0 0]
[134.8 10.0 10]
[72.0 10.0 10]
[90.7 10.0 13]
[49.0 10.0 1]
[134.8 10.0 0]
[72.0 10.9 13]
[317.0 10.0 0]
[134.8 10.0 10]
[134.8 10.0 0]
[134.8 10.0 0]
[126.7 12.0 9]
[133.8 10.0 10]
[134.8 10.0 13]
[110.9 12.0 3]
[90.7 10.0 13]
[53.8 9.0 11]
[312.0 10.0 1]
[110.9 12.0 3]
[90.0 10.0 10]
[126.7 10.0 0]
[133.8 10.0 1]
[72.0 10.9 0]
[134.8 10.0 0]
[134.8 10.0 0]
[134.8 10.0 0]
[134.8 10.0 10]
[126.7 10.0 13]
[72.0 10.9 0]
[64.5 10.0 0]
[134.8 10.0 0]
[53.8 9.0 11]
[134.8 10.0 0]
[134.8 9.0 1]
[90.7 10.0 13]
[72.0 10.9 0]
[91.8 10.0 0]
[134.8 10.0 0]
[72.0 10.0 0]
[85.7 10.9 12]
[134.8 10.0 0]
[90.7 10.0 13]
[134.8 10.0 10]
[45.8 10.0 11]
[110.2 9.0 11]
[134.8 10.0 0]
[90.0 10.0 0]
[90.7 10.0 13]
[90.7 10.0 13]
[90.7 10.0 13]
[90.7 10.0 13]
[126.7 10.0 0]
[126.7 10.0 0]
[134.8 10.0 0]
[107.7 10.0 13]
[107.7 10.0 13]
[90.7 10.0 13]
[72.0 10.9 6]
[126.7 10.0 0]
[54.0 10.0 1]
[106.3 10.0 1]
[134.8 10.0 10]
[134.8 10.0 10]
[90.7 10.0 13]
[72.0 12.0 12]
[72.0 10.9 0]
[90.7 10.0 13]
[72.0 10.9 0]
[126.7 12.0 3]
[90.7 10.0 13]
[72.0 10.9 0]
[134.8 10.0 0]
[312.0 10.0 1]
[49.0 10.0 1]
[70.9 10.0 13]
[70.9 10.0 13]
[134.8 10.0 10]
[90.7 10.0 13]
[90.7 10.0 13]



['0' '1' '0' '1' '1' '0' '2' '0' '3' '3' '3' '3' '3' '3' '3' '3' '3' '3'
 '3' '3' '3' '3' '3' '3' '3' '4' '3' '5' '6' '0' '0' '0' '6' '3' '0' '5'
 '6' '5' '6' '5' '4' '6' '0' '6' '6' '5' '0' '5' '3' '3' '2' '0' '0' '0'
 '2' '5' '6' '6' '1' '7' '0' '4' '3' '3' '3' '5' '4' '0' '0' '6' '0' '5'
 '0' '0' '6' '0' '0' '0' '6' '5' '0' '0' '6' '7' '6' '4' '0' '6' '0' '8'
 '0' '4' '1' '0' '0' '0' '0' '6' '0' '6' '6' '0' '0' '0' '6' '6' '4' '1'
 '4' '6' '0' '0' '0' '6' '0' '0' '5' '3' '3' '0' '9' '5' '0' '6' '0' '0'
 '3' '3' '3' '3' '3' '3' '0' '0' '3' '3' '3' '3' '0' '0' '1' '0' '10' '1'
 '5' '0' '4' '1' '0' '0' '6' '0' '4' '0' '4' '2' '0' '3' '3' '8' '7' '0'
 '0' '5' '4' '0' '2' '10' '0' '0' '1' '0' '0' '7' '4' '0' '5' '1' '6' '3'
 '0' '6' '6' '6' '6' '6' '0' '0' '6' '0' '10' '0' '0' '6' '4' '0' '4' '6'
 '0' '3' '0' '6' '5' '0' '4' '0' '3' '4' '6' '0' '0' '0' '4' '0' '0' '0'
 '2' '0' '0' '1' '0' '3' '0' '5' '0' '0' '0' '0' '4' '10' '3' '0' '5' '2'
 '1' '4' '7' '7' '0' '10' '6' '4' '0' '0' '0' '8' '7' '0' '0' '6' '0' '6'
 '0' '0' '6' '0' '6' '3' '3' '4' '0' '4' '0' '4' '0' '0' '6' '2' '0' '2'
 '1' '0' '6' '1' '1' '0' '10' '6' '0' '3' '3' '8' '1' '4' '1' '0' '10' '2'
 '4' '1' '5' '6' '6' '0' '2' '6' '0' '6' '0' '5' '0' '6' '7' '6' '7' '0' '6' '4' '6' '4' '0' '8' '6' '11' '6' '6'
 '0' '0' '6' '0' '0' '6' '6' '0' '6' '0' '0' '0' '0' '3' '3' '4' '5' '1'
 '0' '0' '6' '4' '6' '6' '7' '2' '6' '0' '6' '6' '4' '0' '0' '0' '0' '0'
 '0' '6' '0' '6' '6' '0' '7' '0' '0' '3' '0' '0' '6' '6' '0' '1' '0' '0'
 '2' '2' '0' '1' '0' '6' '7' '0' '0' '2' '4' '2' '0' '0' '6' '6' '1' '4'
 '6' '7' '0' '0' '6' '0' '2' '2' '1' '11' '11' '0' '11' '0' '2' '8' '4'
 '3' '6' '3' '3' '3' '3' '3' '3' '3' '3' '3' '3' '3' '3' '3' '3' '3' '3'
 '3' '6' '6' '0' '7' '6' '6' '0' '7' '0' '7' '0' '2' '5' '0' '2' '10' '3'
 '3' '2' '0' '6' '4' '0' '0' '6' '0' '1' '6' '6' '6' '6' '0' '5' '0' '3'
 '6' '2' '6' '8' '0' '4' '0' '11' '6' '4' '0' '6' '7' '7' '4' '0' '2' '6'
 '4' '6' '3' '0' '4' '5' '0' '0' '3' '7' '6' '6' '6' '0' '0' '4' '3' '4'
 '6' '4' '6' '4' '4' '11' '4' '11' '6' '0' '6' '0' '0' '0' '6' '1' '0' '8'
 '6' '6' '7' '0' '6' '6' '4' '0' '4' '0' '8' '11' '6' '6' '6' '0' '6' '10'
 '6' '0' '4' '5' '6' '0' '0' '4' '0' '6' '6' '2' '3' '3' '0' '0' '2' '4'
 '8' '4' '6' '6' '6' '0' '0' '0' '0' '6' '6' '4' '1' '6' '3' '3' '3' '3'
 '0' '6' '0' '0' '0' '3' '3' '6' '6' '0' '0' '3' '0' '4' '10' '6' '10' '0'
 '4' '4' '0' '6' '10' '0' '0' '0' '6' '0' '0' '1' '6' '0' '6'  '6' '0' '5' '6' '0' '4' '11' '6' '6' '6' '0' '4' '3' '1' '11' '6'
 '0' '1' '1' '7' '0' '2' '6' '6' '0' '0' '6' '0' '0' '0' '0' '0' '0' '0'
 '0' '6' '1' '4' '6' '5' '4' '2' '0' '0' '0' '6' '5' '0' '6' '0' '0' '6'
 '6' '0' '0' '3' '0' '0' '6' '9' '3' '4' '4' '0' '0' '8' '0' '0' '0' '0'
 '0' '8' '4' '0' '0' '0' '0' '0' '5' '7' '3' '3' '3' '0' '7' '0' '0' '6'
 '0' '0' '1' '0' '1' '0' '2' '0' '1' '7' '3' '6' '4' '6' '3' '4' '2' '6'
 '0' '0' '11' '0' '0' '4' '0' '0' '1' '4' '4' '0' '0' '4' '11' '6' '0' '4'
 '1' '5' '6' '12' '0' '0' '1' '6' '0' '5' '4' '4' '7' '6' '6' '6' '0' '0'
 '6' '11' '7' '0' '0' '0' '4' '0' '2' '0' '0' '0' '6' '6' '4' '6' '1' '6'
 '1' '6' '0' '0' '0' '10' '11' '8' '6' '11' '0' '11' '4' '5' '7' '6' '10'
 '0' '4' '8' '2' '6' '1' '6' '4' '6' '0' '6' '5' '11' '1' '6' '1' '0' '6'
 '1' '4' '1' '5' '0' '4' '0' '5' '11' '0' '0' '6' '6' '0' '10' '0' '0' '7'
 '11' '6' '6' '11' '0' '1' '0' '7' '8' '0' '0' '7' '4' '6' '0' '13' '7'
 '4' '1' '0' '3' '6' '0' '0' '6' '1' '0' '1' '0' '0' '6' '4' '1' '6' '6'
 '0' '6' '0' '0' '6' '0' '5' '6' '0' '0' '0' '6' '0' '6' '0' '0' '0' '10'
 '0' '1' '0' '4' '0' '10' '6' '6' '0' '6' '6' '6' '0' '4' '0' '0' '0' '7'
 '4' '4' '0' '11' '4' '13' '0' '6' '6' '6' '0' '6' '11' '4' '6' '0' '0'
 '4' '0' '4' '1' '6' '4' '6' '0' '0' '7' '0' '11' '3' '11' '11' '0' '6'
 '4' '6' '6' '6' '10' '13' '6' '4' '6' '6' '8' '11' '1' '10' '5' '4' '7'
 '6' '5' '11' '7' '4' '0' '6' '6' '6' '11' '4' '4' '6' '7' '11' '6' '6'
 '5' '0' '10' '5' '6' '11' '11' '6' '6' '5' '0' '6' '13' '0' '11' '4' '10'
 '4' '1' '6' '6' '4' '6' '6' '4' '6' '0' '9' '6' '6' '6' '0' '0' '10' '0'
 '0' '6' '0' '5' '13' '4' '1' '0' '11' '0' '0' '6' '5' '13' '4' '0' '13'
 '3' '4' '13' '3' '7' '0' '5' '13' '0' '6' '4' '5' '4' '4' '6' '0' '6' '1'
 '6' '6' '4' '6' '10' '6' '0' '7' '0' '7' '13' '7' '0' '7' '0' '10' '8'
 '6' '0' '4' '0' '4' '6' '0' '13' '0' '6' '6' '1' '14' '11' '10' '13' '7'
 '6' '7' '3' '3' '1' '4' '6' '0' '5' '0' '4' '10' '0' '6' '4' '0' '6' '6'
 '13' '5' '5' '0' '5' '0' '8' '6' '6' '13' '10' '0' '0' '13' '4' '7' '0'
 '9' '0' '6' '13' '4' '4' '1' '6' '4' '6' '10' '10' '6' '6' '6' '0' '0'
 '6' '6' '0' '6' '6' '0' '9' '7' '9' '0' '1' '6' '10' '0' '6' '0' '7' '4'
 '0' '10' '7' '1' '5' '4' '10' '6' '0' '0' '0' '3' '4' '11' '0' '4' '0'
 '7' '6' '1' '6' '6' '13' '1' '0' '7' '4' '4' '0' '4' '0' '1' '0' '9' '3'
 '1' '9' '4' '8' '6' '7' '0' '10' '11' '7' '0' '4' '5' '6' '6' '7' '13'
 '9' '3' '4' '0' '10' '6' '4' '6' '0' '6' '0' '6' '6' '0' '0' '10' '6' '1'
 '4' '5' '1' '6' '10' '0' '6' '0' '13' '7' '3' '0' '6' '13' '6' '1' '13' '6' '7'
 '6' '0' '0' '6' '6' '4' '0' '4' '0' '0' '0' '8' '7' '6' '0' '6' '6' '0'
 '7' '0' '0' '13' '0' '0' '0' '10' '7' '5' '6' '11' '14' '7' '1' '6' '1'
 '0' '6' '10' '10' '6' '6' '6' '4' '13' '6' '10' '6' '0' '4' '6' '6' '0'
 '6' '0' '0' '8' '4' '3' '6' '0' '13' '6' '0' '1' '7' '6' '5' '0' '7' '8'
 '8' '6' '6' '4' '13' '13' '14' '6' '8' '10' '6' '10' '8' '6' '9' '13' '4'
 '4' '6' '4' '0' '13' '7' '5' '6' '6' '0' '13' '8' '10' '0' '13' '0' '13'
 '14' '6' '6' '1' '13' '6' '13' '6' '6' '1' '6' '1' '0' '12' '5' '0' '6'
 '8' '6' '3' '7' '6' '11' '13' '4' '0' '0' '0' '0' '13' '0' '0' '10' '6'
 '7' '13' '0' '6' '9' '0' '6' '6' '0' '6' '6' '6' '12' '1' '10' '1' '0'
 '14' '7' '14' '14' '0' '5' '14' '9' '4' '0' '9' '12' '0' '13' '6' '6' '0'
 '4' '14' '0' '13' '13' '14' '14' '6' '10' '6' '0' '10' '1' '14' '10' '6'
 '4' '14' '4' '10' '0' '6' '14' '6' '7' '8' '4' '0' '12' '0' '8' '7' '11'
 '12' '14' '6' '1' '10' '4' '3' '5' '4' '4' '0' '6' '6' '8' '14' '0' '6'
 '6' '4' '0' '4' '12' '3' '10' '1' '8' '14' '0' '0' '6' '5' '9' '0' '0'
 '1' '0' '1' '7' '0' '14' '0' '7' '6' '0' '6' '6' '0' '7' '1' '7' '13' '0'
 '0' '14' '7' '0' '6' '1' '4' '0' '0' '9' '6' '0' '8' '0' '0' '7' '12' '5'
 '14' '6' '4' '4' '4' '6' '6' '6' '10' '0' '0' '12' '12' '12' '13' '6'
 '10' '9' '6' '12' '12' '6' '14' '5' '9' '12' '0' '0' '0' '12' '0' '12'
 '9' '6' '6' '12' '12' '10' '12' '12' '12' '6' '0' '6' '10' '0' '0' '0'
 '6' '6' '0' '0' '6' '12' '5' '4' '0' '6' '0' '0' '5' '12' '6' '12' '12'
 '4' '1' '1' '12' '7' '12' '12' '12' '12' '12' '4' '6' '0' '1' '0' '6' '6'
 '12' '6' '10' '12' '12' '9' '0' '0' '0' '10' '10' '12' '0' '7' '1' '12'
 '5' '6' '12' '12' '6' '6' '0' '10' '0' '0' '12' '1' '9' '10' '7' '7' '0'
 '9' '10' '12' '12' '0' '12' '12' '0' '12' '6' '12' '4' '12' '3' '13' '6'
 '0' '0' '9' '0' '0' '12' '13' '3' '3' '0' '12' '12' '9' '0' '6' '8' '6'
 '9' '9' '9' '6' '6' '3' '5' '12' '6' '3' '12' '1' '6' '1' '1' '12' '6'
 '12' '12' '12' '1' '1' '12' '6' '12' '1' '0' '12' '0' '12' '6' '10' '12'
 '9' '0' '12' '6' '4' '9' '6' '12' '6' '7' '12' '0' '6' '0' '12' '6' '10'
 '5' '0' '9' '6' '6' '6' '0' '0' '12' '12' '1' '0' '7' '10' '0' '0' '0'
 '6' '9' '0' '4' '12' '9' '1' '4' '0' '6' '4' '6' '0' '0' '0' '0' '6' '10'
 '4' '0' '9' '0' '0' '12' '12' '4' '0' '8' '6' '0' '12' '0' '9' '9' '0'
 '6' '12' '12' '12' '12' '6' '6' '0' '12' '12' '12' '6' '6' '9' '4' '0'
 '0' '12' '6' '6' '12' '6' '6' '12' '10' '0' '1' '1' '12' '12' '0' '12'
 '12']